Total Susceptible Exposed Infected Recovered Dead
100    98         1       1        0         0
100    97         2       1        0         0
100    96         3       1        0         0
100    94         4       2        0         0
100    93         4       3        0         0
100    93         3       4        0         0
100    92         2       5        0         1
100    91         2       6        0         1
100    88         5       6        0         1
100    86         6       7        0         1
100    85         6       8        0         1
100    83         5       11        0         1
100    82         4       13        0         1
100    80         5       13        0         2
100    73         10       15        0         2
100    73         9       16        0         2
100    68         12       18        0         2
100    67         6       25        0         2
100    64         9       23        1         3
100    59         9       25        2         5
100    54         14       25        3         4
100    51         14       26        5         4
100    47         13       30        5         5
100    44         10       36        5         5
100    41         10       39        5         5
100    36         11       42        6         5
100    32         12       43        8         5
100    28         14       44        10         4
100    27         10       49        10         4
100    23         10       51        12         4
